t,close,alpha,P60
1532822400,468.12,-4.472043651034818,2.349272793286117
1532822460,468.23,8.24294061435582,5.549744925185118
1532822520,468.49,-5.235665694848235,9.596110376594025
1532822580,468.94,-0.6806284631544202,-0.0
1532822640,468.94,1.0574769087168256,-0.21325144477835067
1532822700,468.93,7.49878463782272,2.1320597829554977
1532822760,469.03,0.0,18.089725036180006
1532822820,469.88,7.06810765383814,-0.0
1532822880,469.88,0.9344671534794458,2.553191489361728
1532822940,470.0,23.092530300603542,19.53622695999302
1532823000,470.92,14.649282851015855,-19.57446808510621
1532823060,470.0,-14.398160517125058,0.21276143060799946
1532823120,470.01,-1.1743369838657092,-0.0
1532823180,470.01,-6.5140979366784535,20.595354367489715
1532823240,470.98,19.83369741556329,6.78973053256926
1532823300,471.3,5.98548972188695,-9.982371556613856
1532823360,470.83,2.4531870283195367,-6.588455326022036
1532823420,470.52,7.067795258657306,10.191082802548657
1532823480,471.0,0.012073168229598252,-12.967962754311113
1532823540,470.39,-18.18216940083328,-4.040833687792844
1532823600,470.2,-2.4190290501202583,-0.21267998043361658
1532823660,470.19,6.956391290355857,-0.0
1532823720,470.19,4.195112633333942,-9.366684406599823
1532823780,469.75,-4.422960725075642,-4.685536600430584
1532823840,469.53,-3.4093629327291985,4.8961171662131875
1532823900,469.76,0.012094062782352921,-0.0
1532823960,469.76,0.0,-0.21287919105938968
1532824020,469.75,-0.012094048156274795,0.21287465939989758
1532824080,469.76,-16.351172882209664,-0.0
1532824140,469.76,-0.012113870382357561,0.2128701279346945
1532824200,469.77,0.0121138850572855,9.145044661845736
1532824260,470.2,10.890369473046668,1.9137128154977923
1532824320,470.29,0.012100692281524772,-9.151662197250943
1532824380,469.86,0.0,-2.5546046749269635
1532824440,469.74,0.0,-0.0
1532824500,469.74,-0.012100677637683077,-0.0
1532824560,469.74,0.012100692281524772,0.21287919105938968
1532824620,469.75,0.0,-0.21288372290984015
1532824680,469.74,0.0,-4.685636394616832
1532824740,469.52,0.0,-0.0
1532824800,469.52,0.0,-0.0
1532824860,469.52,0.0,0.21297893638250187
1532824920,469.53,0.0,-0.21298347248288607
1532824980,469.52,0.0,0.21297893638250187
1532825040,469.53,0.0,14.673982391222307
1532825100,470.22,-0.012100677637683077,-15.975461690842518
1532825160,469.47,-0.7139408445555606,-0.0
1532825220,469.47,0.0,-0.6390593047034265
1532825280,469.44,0.0,-6.821282401090478
1532825340,469.12,0.0,7.455215455727249
1532825400,469.47,-0.012101556260413204,2.342518846627506
1532825460,469.58,0.012101570905365122,-3.621567499625389
1532825520,469.41,0.7260933756092491,0.21302884410490108
1532825580,469.42,-0.012100677637683077,-0.0
1532825640,469.42,0.0,-0.21303338233025215
1532825700,469.41,0.012100692281524772,0.21302884410490108
1532825760,469.42,0.0,-3.8359901116691297
1532825820,469.24,-1.1979670861561598,-0.0
1532825880,469.24,-3.594331847595056,-13.657703798548582
1532825940,468.6,-9.890993263955705,0.21339706792411484
1532826000,468.61,-1.0906618742190233,-13.034188034188876
1532826060,468.0,-16.25263453872705,-0.21367977948161254
1532826120,467.99,0.0,-0.0
1532826180,467.99,-1.396044459767154,-0.0
1532826240,467.99,0.0,-0.0
1532826300,467.99,1.9304527093733093,-0.0
1532826360,467.99,0.0,-0.0
1532826420,467.99,-0.012138868658029267,-0.0
1532826480,467.99,2.4399155619270196,0.42734129612531646
1532826540,468.01,1.7475728155336157,8.539527337162456
1532826600,468.41,0.012133801861047289,4.267941358485627
1532826660,468.61,2.0748776004220204,-0.0
1532826720,468.61,7.630568859515741,-0.21340162185135014
1532826780,468.6,-0.01212202025646647,-1.920983543575172
1532826840,468.51,-5.018522469405484,-0.0
1532826900,468.51,-6.524929353691755,-2.1348818342903364
1532826960,468.41,0.0,-0.0
1532827020,468.41,0.0,-0.0
1532827080,468.41,0.0,-0.0
1532827140,468.41,0.0,-0.2134927412478227
1532827200,468.4,0.0,0.2134881834303659
1532827260,468.41,0.0,-0.0
1532827320,468.41,0.0,-0.0
1532827380,468.41,0.0,-0.0
1532827440,468.41,-0.012136040156152106,-0.0
1532827500,468.41,0.0,-0.0
1532827560,468.41,0.012136054883260528,2.347818663023249
1532827620,468.52,0.08495228108973407,-0.2134426159527969
1532827680,468.51,0.01213593705751137,6.825501781029253
1532827740,468.83,1.0922330097073996,-0.21330148031184493
1532827800,468.82,1.613901394266204,-8.753015520590601
1532827860,468.41,4.877320822156417,0.21348362580608793
1532827920,468.42,3.1893284826423063,-0.21348818342925568
1532827980,468.41,1.3577600837932913,0.21348362580608793
1532828040,468.42,0.0,-0.21348818342925568
1532828100,468.41,1.1636363636347014,-0.0
1532828160,468.41,0.0,-0.0
1532828220,468.41,-0.012119801815480002,-0.0
1532828280,468.41,0.012119816503730618,-0.2134927412478227
1532828340,468.4,0.0,0.2134881834303659
1532828400,468.41,-1.1635009744315195,-0.2134927412478227
1532828460,468.4,0.0,0.2134881834303659
1532828520,468.41,0.0,-0.0
1532828580,468.41,0.0,-0.0
1532828640,468.41,0.0,-0.0
1532828700,468.41,0.0,0.21348362580608793
1532828760,468.42,2.254545454545287,-0.0
1532828820,468.42,0.012118479955081085,-0.0
1532828880,468.42,0.0,-0.21348818342925568
1532828940,468.41,0.0,0.21348362580608793
1532829000,468.42,0.0,-0.0
1532829060,468.42,0.13330311795733962,0.2134790683772092
1532829120,468.43,6.083388471616047,0.21347451114372973
1532829180,468.44,0.0,-0.0
1532829240,468.44,3.6090589802584283,-0.0
1532829300,468.44,0.024213133689166,0.21346995410342906
1532829360,468.45,-0.012106537530254258,9.809984858502041
1532829420,468.91,1.065376592466194,1.705793300496028
1532829480,468.99,-0.01210526252126698,0.21321961620413
1532829540,469.0,0.012105277173990459,-0.0
1532829600,469.0,0.0,-0.0
1532829660,469.0,0.0,-0.0
1532829720,469.0,3.4136840308574,6.605442031919484
1532829780,469.31,1.1254052366438394,-0.0
1532829840,469.31,0.44769148490608757,-0.0
1532829900,469.31,0.01209922819045417,-0.0
1532829960,469.31,0.0,-0.0
1532830020,469.31,0.0,-0.2130833155766787
1532830080,469.3,0.0,-0.0
1532830140,469.3,1.2220205686630514,-0.0
1532830200,469.3,0.012097735182514668,0.2130787752230301
1532830260,469.31,1.185576613653705,5.7498189871796335
1532830320,469.58,0.0,-2.9822767552833973
1532830380,469.44,2.4071610015719003,-0.0
1532830440,469.44,0.012093375370003656,-0.0
1532830500,469.44,0.0,7.662835249042654
1532830560,469.8,13.30269681944607,-10.227563283047303
1532830620,469.32,0.0,7.026509102522338
1532830680,469.65,-0.012077294686552165,-0.0
1532830740,469.65,0.012077309272662262,-6.81823024311301
1532830800,469.33,-7.427536231883192,-1.7048481619608147
1532830860,469.25,-4.64112837433639,0.21310147892417142
1532830920,469.26,0.0,-0.2131060202459345
1532830980,469.25,-0.01209188380646431,-0.0
1532831040,469.25,-16.529625151149308,-5.330490405117683
1532831100,469.0,-5.41402778231892,0.2132150700406843
1532831160,469.01,0.0,-10.672130797635404
1532831220,468.51,-10.385537321282445,-0.0
1532831280,468.51,-1.5285159202216292,-0.0
1532831340,468.51,11.92667340448983,-0.0
1532831400,468.51,0.0,-0.0
1532831460,468.51,0.012118479955081085,-0.0
1532831520,468.51,0.0,-0.0
1532831580,468.51,0.0,4.906771344456162
1532831640,468.74,0.0,5.543710021321813
1532831700,469.0,0.0,-2.132650885051657
1532831760,468.9,-0.012118465269050915,-0.2132696368017939
1532831820,468.89,0.012118479955081085,0.21326508850449954
1532831880,468.9,0.0,-5.9749903973371765
1532831940,468.62,0.0,-0.2133970679230046
1532832000,468.61,-10.494590923029179,-2.347918890075462
1532832060,468.5,0.0,0.2134426159527969
1532832120,468.51,-2.790175186607735,-0.21344717182403272
1532832180,468.5,0.0,0.2134426159527969
1532832240,468.51,0.012134582225709067,0.6402868485089197
1532832300,468.54,-0.012134567499710869,-0.4268761205517002
1532832360,468.52,0.012134582225709067,-0.2134426159527969
1532832420,468.51,1.2134567499755278,-0.0
1532832480,468.51,3.2516695138995466,-0.21344717182403272
1532832540,468.5,0.0,4.053852226417742
1532832600,468.69,-0.012129151202300292,-0.0
1532832660,468.69,0.0,0.21335609131645228
1532832720,468.7,0.012129165913865592,0.6400273078321916
1532832780,468.73,0.0,-0.0
1532832840,468.73,0.0,-0.0
1532832900,468.73,0.0,-0.0
1532832960,468.73,0.0,-0.0
1532833020,468.73,0.0,-6.831621869729521
1532833080,468.41,0.0,-0.0
1532833140,468.41,0.0,-0.2134927412478227
1532833200,468.4,0.0,-0.0
1532833260,468.4,0.0,-2.1353833013026957
1532833320,468.3,0.0,-0.2135428900884584
1532833380,468.29,0.0,-1.7086350142037077
1532833440,468.21,-3.760036872619832,-0.0
1532833500,468.21,0.0,-0.0
1532833560,468.21,-0.2790754110293392,-5.342336951876803
1532833620,467.96,0.0,-0.21369804466209175
1532833680,467.95,0.0,-3.848044979370968
1532833740,467.77,-0.012134052155277075,0.6412997007276822
1532833800,467.8,0.012134066877944605,0.2137619973918703
1532833860,467.81,0.0,-0.0
1532833920,467.81,0.0,-0.2137665669077471
1532833980,467.8,0.0,0.2137619973918703
1532834040,467.81,0.0,-0.0
1532834100,467.81,0.0,-0.8551211065266351
1532834160,467.77,-0.012134052155277075,0.2137757065290291
1532834220,467.78,-4.962833353152618,-0.0
1532834280,467.78,-0.1699612852468224,-0.0
1532834340,467.78,0.0,-0.0
1532834400,467.78,-0.012140298141227746,-0.21378027663221388
1532834460,467.77,0.0,-3.635585970913624
1532834520,467.6,0.012140312879438397,3.634264702737644
1532834580,467.77,0.0,-3.2077327744750583
1532834640,467.62,0.0,-0.2138534248619095
1532834700,467.61,-0.012140298141227746,-0.0
1532834760,467.61,0.012140312879438397,0.21384885163122647
1532834820,467.62,0.0,-0.0
1532834880,467.62,0.0,-0.0
1532834940,467.62,0.0,-0.0
1532835000,467.62,-0.012140298141227746,-0.0
1532835060,467.62,0.012140312879438397,-0.2138534248619095
1532835120,467.61,0.0,0.21384885163122647
1532835180,467.62,-2.1731133673186243,-0.2138534248619095
1532835240,467.61,-0.27928754960382385,0.21384885163122647
1532835300,467.62,0.0,-0.0
1532835360,467.62,0.0,-0.0
1532835420,467.62,-3.4729769605634786,-0.0
1532835480,467.62,-5.344897748461586,-0.0
1532835540,467.62,-0.15800188386760894,-0.2138534248619095
1532835600,467.61,-0.6198633383658336,-38.64236491273321
1532835660,465.81,-0.08508455581535124,9.651267533136165
1532835720,466.26,0.012155039963435144,-0.2144772117951277
1532835780,466.25,0.0,-7.082760989010062
1532835840,465.92,0.0,0.21462451441189856
1532835900,465.93,0.0,-0.0
1532835960,465.93,-0.012155025189697355,-0.21462912087821806
1532836020,465.92,0.012155039963435144,0.21462451441189856
1532836080,465.93,0.0,-0.0
1532836140,465.93,-10.963832722541422,-0.0
1532836200,465.93,0.0,-0.0
1532836260,465.93,0.0,-0.8585717658671221
1532836320,465.89,-0.012168366384512908,3.8620808033129617
1532836380,466.07,0.0,15.424494954905388
1532836440,466.79,8.34750949741947,-8.14733817885438
1532836500,466.41,0.0,-8.798283261803874
1532836560,466.0,0.0,-2.5757705847007095
1532836620,465.88,0.0,-0.0
1532836680,465.88,0.01215823209665956,5.363310664406873
1532836740,466.13,0.0,5.146128610331591
1532836800,466.37,7.0882406937955444,-0.0
1532836860,466.37,0.012149605381761575,-0.2144266232084746
1532836920,466.36,0.0,0.2144220254307605
1532836980,466.37,0.0,-0.2144266232084746
1532837040,466.36,-0.01214959062023624,0.2144220254307605
1532837100,466.37,0.0,-0.0
1532837160,466.37,0.012149605381761575,-0.2144266232084746
1532837220,466.36,0.0,-0.0
1532837280,466.36,-0.01214959062023624,0.2144220254307605
1532837340,466.37,0.012149605381761575,-0.0
1532837400,466.37,-9.039295420939508,-0.2144266232084746
1532837460,466.36,0.0,0.2144220254307605
1532837520,466.37,0.0,-0.0
1532837580,466.37,0.0,-0.0
1532837640,466.37,0.0,-0.0
1532837700,466.37,0.0,-0.0
1532837760,466.37,0.0,-0.0
1532837820,466.37,-0.012160582929521269,-0.0
1532837880,466.37,0.0,-0.2144266232084746
1532837940,466.36,-5.654677938732311,0.2144220254307605
1532838000,466.37,-0.012167478032898416,-0.0
1532838060,466.37,0.012167492837722449,-0.2144266232084746
1532838120,466.36,0.0,-0.0
1532838180,466.36,0.0,-0.0
1532838240,466.36,0.0,-0.0
1532838300,466.36,0.0,-0.0
1532838360,466.36,-6.692112919063353,-7.510568442736787
1532838420,466.01,2.2646664548120476,-0.0
1532838480,466.01,0.012172869352511384,-10.740907821529255
1532838540,465.51,-24.540474741326925,9.657481328869677
1532838600,465.96,13.935598498566737,-0.0
1532838660,465.96,0.0,-0.0
1532838720,465.96,0.29245965884605596,-0.0
1532838780,465.96,10.357643331504462,-9.666817039375442
1532838840,465.51,-4.917833231894431,-0.0
1532838900,465.51,-1.2057055447833864,-0.0
1532838960,465.51,-1.0231462477938713,-0.0
1532839020,465.51,-2.728669176879084,-0.0
1532839080,465.51,-0.012184883677601732,-0.0
1532839140,465.51,-0.7554637084972171,-3.8682225517372437
1532839200,465.33,0.0,0.21489663471818687
1532839260,465.34,-3.436400991437827,-0.0
1532839320,465.34,-4.181172776298592,-5.160180606320619
1532839380,465.1,0.0,0.21500290253939625
1532839440,465.11,0.0,-0.21500752526382172
1532839500,465.1,0.0,-1.0751532093333793
1532839560,465.05,0.0,-0.0
1532839620,465.05,0.0,-0.0
1532839680,465.05,-0.012195107079726597,-0.0
1532839740,465.05,0.0,-0.0
1532839800,465.05,0.012195121952274235,-0.0
1532839860,465.05,0.0,-0.0
1532839920,465.05,0.0,-0.8601965549126511
1532839980,465.01,-0.45121896192878985,-0.0
1532840040,465.01,-0.43904366533009664,-4.73332042427721
1532840100,464.79,-0.6707906060055002,-0.21515555746809412
1532840160,464.78,-8.11101231532163,-6.027987082883879
1532840220,464.5,0.0,-0.0
1532840280,464.5,0.012206912041179407,0.21528061828535172
1532840340,464.51,0.0,-0.0
1532840400,464.51,0.0,-0.0
1532840460,464.51,0.0,-8.83430295194998
1532840520,464.1,0.0,1.292657704240474
1532840580,464.16,0.0,-1.7238407171182857
1532840640,464.08,-0.012206897140876194,19.784946236559577
1532840700,465.0,0.012206912041179407,7.091741344851243
1532840760,465.33,0.0,0.21489663471818687
1532840820,465.34,-0.012206897140876194,-0.0
1532840880,465.34,0.012206912041179407,-7.096621578031037
1532840940,465.01,0.0,-0.0
1532841000,465.01,0.0,-0.0
1532841060,465.01,0.0,-0.0
1532841120,465.01,0.0,-0.0
1532841180,465.01,0.0,-0.2150537634415528
1532841240,465.0,0.0,0.21504913872760767
1532841300,465.01,0.0,-0.2150537634415528
1532841360,465.0,0.0,-0.0
1532841420,465.0,0.0,0.21504913872760767
1532841480,465.01,-0.012206897140876194,-0.0
1532841540,465.01,0.012206912041179407,-0.0
1532841600,465.01,0.0,-0.0
1532841660,465.01,0.0,-0.0
1532841720,465.01,-0.012206897140876194,-0.2150537634415528
1532841780,465.0,0.0,-0.0
1532841840,465.0,0.012206912041179407,0.21504913872760767
1532841900,465.01,7.446207256023296,10.311714537369898
1532841960,465.49,0.0853847007697972,0.21482277121398496
1532842020,465.5,7.965104790530475,-0.0
1532842080,465.5,-0.012188002374013962,-0.0
1532842140,465.5,0.0,-0.21482738619571506
1532842200,465.49,0.0,0.42963631286085935
1532842260,465.51,0.012188017228798032,7.0839773312725285
1532842320,465.84,0.0,2.1461990814275467
1532842380,465.94,2.6935485247014945,0.4292213923939858
1532842440,465.96,0.0,-0.0
1532842500,465.96,0.0,0.21460609052170732
1532842560,465.97,-0.01218472036046414,9.647956777153466
1532842620,466.42,10.064591281335744,4.286142900004064
1532842680,466.62,1.8745625513538755,0.4285959197669609
1532842740,466.64,0.0,-0.0
1532842800,466.64,1.4847647317250967,-0.0
1532842860,466.64,-3.01776220763883,-0.0
1532842920,466.64,-8.520448467719266,-0.0
1532842980,466.64,0.0,-0.42861429000007334
1532843040,466.62,0.36547347697979404,-0.0
1532843100,466.62,0.0,-0.21431173785391167
1532843160,466.61,0.0,0.21430714500003667
1532843220,466.62,-0.012182004013316927,-0.21431173785391167
1532843280,466.61,0.012182018853668097,0.21430714500003667
1532843340,466.62,0.0,-3.4300904686368483
1532843400,466.46,0.0,-0.0
1532843460,466.46,-0.012182004013316927,-0.21438525029449096
1532843520,466.45,0.012182018853668097,-3.431341010957656
1532843580,466.29,0.0,-0.0
1532843640,466.29,0.0,-0.6434178355441134
1532843700,466.26,0.0,-5.364691744811356
1532843760,466.01,0.0,-0.21459227467879316
1532843820,466.0,0.0,0.21458766979232102
1532843880,466.01,0.0,-0.0
1532843940,466.01,0.0,-0.0
1532844000,466.01,0.0,-0.21459227467879316
1532844060,466.0,0.0,0.21458766979232102
1532844120,466.01,0.0,-0.21459227467879316
1532844180,466.0,-0.012182004013316927,11.788661451077598
1532844240,466.55,0.012182018853668097,-0.0
1532844300,466.55,0.0,-0.0
1532844360,466.55,0.0,-0.0
1532844420,466.55,-0.012182004013316927,1.28587042712347
1532844480,466.61,0.012182018853668097,0.8571734704798661
1532844540,466.65,-0.012182004013316927,-0.21429795988403555
1532844600,466.64,0.0,-0.0
1532844660,466.64,0.0,-0.0
1532844720,466.64,-0.6700110369084467,-12.01510470305589
1532844780,466.08,-0.10964551604653039,-0.0
1532844840,466.08,-3.874184045672413,-0.0
1532844900,466.08,0.012187690432430287,-8.374669844746219
1532844960,465.69,-0.8531372905096202,-0.21473973544017255
1532845020,465.68,0.0,0.21473512422431895
1532845080,465.69,0.012188715443617326,-0.0
1532845140,465.69,-0.012188700587723034,-0.0
1532845200,465.69,0.0,-3.866726815751065
1532845260,465.51,0.012188715443617326,-0.0
1532845320,465.51,0.0,-0.0
1532845380,465.51,-0.012188700587723034,-0.0
1532845440,465.51,0.012188715443617326,-0.0
1532845500,465.51,0.0,-0.21482277121398496
1532845560,465.5,0.0,0.21481815642987456
1532845620,465.51,0.0,-0.0
1532845680,465.51,0.0,-0.0
1532845740,465.51,0.0,-0.0
1532845800,465.51,0.0,-0.0
1532845860,465.51,0.0,-0.0
1532845920,465.51,-0.012188700587723034,-0.0
1532845980,465.51,0.012188715443617326,-0.0
1532846040,465.51,0.0,-0.0
1532846100,465.51,0.0,-0.0
1532846160,465.51,0.0,-0.0
1532846220,465.51,0.0,-0.0
1532846280,465.51,0.0,-0.21482277121398496
1532846340,465.5,0.0,0.8592172530830222
1532846400,465.54,0.0,9.228061892396777
1532846460,465.97,0.0,-0.0
1532846520,465.97,0.0,-0.21461069619865825
1532846580,465.96,0.0,4.719207173194961
1532846640,466.18,0.0,-0.0
1532846700,466.18,0.0,-0.0
1532846760,466.18,0.0,-0.0
1532846820,466.18,0.0,-0.0
1532846880,466.18,0.0,-0.21451401849059692
1532846940,466.17,-0.012188700587723034,0.21450941696365966
1532847000,466.18,0.012188715443617326,-0.0
1532847060,466.18,0.0,-0.0
1532847120,466.18,0.0,-0.0
1532847180,466.18,-0.012188700587723034,-0.0
1532847240,466.18,0.012188715443617326,-0.0
1532847300,466.18,0.0,-0.0
1532847360,466.18,0.0,-0.21451401849059692
1532847420,466.17,0.0,0.21450941696365966
1532847480,466.18,0.0,-4.721435316337175
1532847540,465.96,0.0,-0.0
1532847600,465.96,-0.012188700587723034,-0.0
1532847660,465.96,0.012188715443617326,-0.2146153020698982
1532847720,465.95,0.0,0.2146106961964378
1532847780,465.96,0.0,-0.2146153020698982
1532847840,465.95,0.0,0.2146106961964378
1532847900,465.96,-0.012188700587723034,-0.0
1532847960,465.96,0.012188715443617326,-0.0
1532848020,465.96,0.0,-0.0
1532848080,465.96,0.0,-0.0
1532848140,465.96,0.0,-0.0
1532848200,465.96,0.365661017611707,-0.0
1532848260,465.96,0.2437650982001216,-0.0
1532848320,465.96,0.13406753591294063,-7.946906076161664
1532848380,465.59,0.07312676646886729,0.21477663230351496
1532848440,465.6,0.0,-0.21478124530238674
1532848500,465.59,0.012187705287214357,-0.0
1532848560,465.59,0.18281535648867475,-0.0
1532848620,465.59,0.0,-0.0
1532848680,465.59,-0.01218746762732259,-0.0
1532848740,465.59,4.180306490810803,-0.2147858584988782
1532848800,465.58,0.316742136572401,0.2147812453012765
1532848860,465.59,0.0,-0.0
1532848920,465.59,0.0,-0.0
1532848980,465.59,0.0,-0.2147858584988782
1532849040,465.58,0.0,0.2147812453012765
1532849100,465.59,-0.012182004013316927,-0.2147858584988782
1532849160,465.58,0.012182018853668097,0.2147812453012765
1532849220,465.59,0.0,-0.0
1532849280,465.59,0.0,-0.0
1532849340,465.59,0.0,-0.0
1532849400,465.59,-0.012182004013316927,-0.0
1532849460,465.59,0.012182018853668097,-0.0
1532849520,465.59,-0.012182004013316927,-0.2147858584988782
1532849580,465.58,0.0,-0.0
1532849640,465.58,0.0,-0.0
1532849700,465.58,0.0,0.2147812453012765
1532849760,465.59,0.012182018853668097,-0.0
1532849820,465.59,0.0,-0.0
1532849880,465.59,0.0,-0.0
1532849940,465.59,-0.012182004013316927,-0.2147858584988782
1532850000,465.58,0.012182018853668097,0.2147812453012765
1532850060,465.59,0.0,-0.0
1532850120,465.59,-0.012182004013316927,-0.2147858584988782
1532850180,465.58,0.012182018853668097,0.2147812453012765
1532850240,465.59,-12.900742249504216,-0.0
1532850300,465.59,-0.012197740002495294,-0.2147858584988782
1532850360,465.58,-10.087543286781964,0.2147812453012765
1532850420,465.59,-1.6239395552597458,-1.9334049409236442
1532850480,465.5,-3.578132117338928,-0.0
1532850540,465.5,-0.012216426207301012,-0.0
1532850600,465.5,-1.4537564945649173,-10.752688172042113
1532850660,465.0,-9.151444804202935,0.21504913872760767
1532850720,465.01,0.0,-0.0
1532850780,465.01,-0.012229409038777561,-0.2150537634415528
1532850840,465.0,0.012229423993481703,-0.0
1532850900,465.0,0.0,0.21504913872760767
1532850960,465.01,-0.012229409038777561,-0.2150537634415528
1532851020,465.0,0.0,0.21504913872760767
1532851080,465.01,0.0,-0.0
1532851140,465.01,0.012229423993481703,-13.350847348134742
1532851200,464.39,-0.012229409038777561,0.4306539480214422
1532851260,464.41,0.0,-0.21533161068232332
1532851320,464.4,0.012229423993481703,0.2153269740112762
1532851380,464.41,0.0,-0.0
1532851440,464.41,0.0,-0.0
1532851500,464.41,-0.012229409038777561,-0.21533161068232332
1532851560,464.4,-14.895438424850083,0.2153269740112762
1532851620,464.41,-8.622357871943542,-0.0
1532851680,464.41,0.0,-0.0
1532851740,464.41,0.257422975369348,-0.0
1532851800,464.41,-0.012257921375713465,-0.0
1532851860,464.41,0.0,-0.0
1532851920,464.41,0.01225793640147188,-0.0
1532851980,464.41,-23.63327241146407,-0.0
1532852040,464.41,-0.012286959482077364,-0.21533161068232332
1532852100,464.4,0.0,-0.21533624755099012
1532852160,464.39,0.0,-0.0
1532852220,464.39,0.01228697457777983,10.540354500085947
1532852280,464.88,0.20887831118310274,-0.0
1532852340,464.88,1.3515373122574559,-0.21511390281059306
1532852400,464.87,0.0,0.21510927551204873
1532852460,464.88,0.0,-0.21511390281059306
1532852520,464.87,0.0,0.21510927551204873
1532852580,464.88,0.0,-0.0
1532852640,464.88,0.0,-0.0
1532852700,464.88,0.0,-11.413804242488279
1532852760,464.35,-0.024570084937725056,0.21535015935936208
1532852820,464.36,0.012285072654716345,-0.0
1532852880,464.36,1.8550436918074453,-0.0
1532852940,464.36,1.8424168578690114,-0.2153547970284997
1532853000,464.35,6.226221849987557,-0.0
1532853060,464.35,2.3441191450723764,0.21535015935936208
1532853120,464.36,-0.012269998871383692,-0.0
1532853180,464.36,0.0,-0.4307188697949549
1532853240,464.34,0.012270013927118129,-0.0
1532853300,464.34,0.0,-2.154058245733559
1532853360,464.24,-0.012269998871383692,-1.9390283313591716
1532853420,464.15,0.0,-0.0
1532853480,464.15,0.0,-0.0
1532853540,464.15,0.0,-2.8016033791655737
1532853600,464.02,-9.74239105761332,-0.0
1532853660,464.02,0.0,-0.0
1532853720,464.02,6.03045194000007,-0.0
1532853780,464.02,0.012274577385618102,-0.0
1532853840,464.02,-0.012274562319891658,-0.21551259671070966
1532853900,464.01,0.012274577385618102,-0.21551724137980344
1532853960,464.0,-0.012274562319891658,0.21551259671070966
1532854020,464.01,0.012274577385618102,-0.0
1532854080,464.01,-0.012274562319891658,-0.0
1532854140,464.01,0.012274577385618102,-0.0
1532854200,464.01,-0.012274562319891658,-0.0
1532854260,464.01,0.012274577385618102,-0.0
1532854320,464.01,0.19639299711604608,-0.21551724137980344
1532854380,464.0,8.8988829140213,-0.0
1532854440,464.0,1.0546531049726582,0.21551259671070966
1532854500,464.01,1.6921718658036156,-0.0
1532854560,464.01,2.170027143730824,-0.0
1532854620,464.01,0.0,-0.21551724137980344
1532854680,464.0,-0.012257380475055868,0.21551259671070966
1532854740,464.01,0.0,-0.0
1532854800,464.01,0.0,-0.0
1532854860,464.01,0.0,-0.21551724137980344
1532854920,464.0,0.012257395500814283,-0.0
1532854980,464.0,-0.012257380475055868,0.4310159044862427
1532855040,464.02,0.0,-0.0
1532855100,464.02,0.0,-0.0
1532855160,464.02,0.012257395500814283,0.2155033079753732
1532855220,464.03,0.0,-0.21550795224367647
1532855280,464.02,-0.012257380475055868,0.43099732781715083
1532855340,464.04,0.012257395500814283,3.4467901766477294
1532855400,464.2,-0.012257380475055868,-0.0
1532855460,464.2,0.012257395500814283,2.799732948549627
1532855520,464.33,0.0,0.4307095940569994
1532855580,464.35,0.0,2.7988287977953608
1532855640,464.48,0.0,-0.0
1532855700,464.48,-0.012257380475055868,-0.0
1532855760,464.48,0.0,0.21528988783381386
1532855820,464.49,0.0,-0.0
1532855880,464.49,0.0,0.21528525296021783
1532855940,464.5,0.012257395500814283,-0.21528988783270364
1532856000,464.49,-0.012257380475055868,4.7341352671548265
1532856060,464.71,0.0,-0.0
1532856120,464.71,-5.160363505321008,-0.0
1532856180,464.71,0.0,-0.21519259737479146
1532856240,464.7,0.0,-4.521087644513422
1532856300,464.49,-0.012263724027405942,-0.21529452290725004
1532856360,464.48,0.0,-0.0
1532856420,464.48,0.0,0.21528988783381386
1532856480,464.49,0.012263739066487034,-0.21529452290725004
1532856540,464.48,-13.551415049797289,0.21528988783381386
1532856600,464.49,5.108632114629863,-0.0
1532856660,464.49,1.693825148147976,4.51904454486729
1532856720,464.7,4.111125564820739,-0.0
1532856780,464.7,12.340575345590743,-0.0
1532856840,464.7,-0.012251854011324781,-0.0
1532856900,464.7,0.012251869021540074,-0.0
1532856960,464.7,6.309704816080952,-0.21519722825935617
1532857020,464.69,5.1792662828531455,0.21519259737479146
1532857080,464.7,0.3916092816291794,6.021764376963334
1532857140,464.98,0.01223731082689028,0.2150583883520074
1532857200,464.99,0.0,-0.0
1532857260,464.99,0.0,-0.21506301346230217
1532857320,464.98,0.0,-0.0
1532857380,464.98,0.0,0.2150583883520074
1532857440,464.99,0.0,-0.0
1532857500,464.99,0.0,-0.21506301346230217
1532857560,464.98,0.0,0.2150583883520074
1532857620,464.99,0.0,-0.0
1532857680,464.99,0.0,-12.05779127102069
1532857740,464.43,-2.6922050872879577,-3.4462704891558005
1532857800,464.27,-9.070278130715037,0.21538726630465632
1532857860,464.28,0.0,-0.21539190557140486
1532857920,464.27,0.0,4.736377532348346
1532857980,464.49,0.0,6.239511166572509
1532858040,464.78,-2.32782374208762,-0.0
1532858100,464.78,0.0,3.65630712979903
1532858160,464.95,-0.012254556549518014,-7.964182702655531
1532858220,464.58,0.012254571566394645,0.4304778303920731
1532858280,464.6,-0.012254556549518014,-0.0
1532858340,464.6,0.0,1.5064454343938216
1532858400,464.67,0.0,-0.0
1532858460,464.67,-5.441029776158679,0.21520185934376101
1532858520,464.68,-0.012261242945399431,0.21519722825935617
1532858580,464.69,0.0,-2.1524354807467283
1532858640,464.59,0.0,-0.0
1532858700,464.59,0.0,0.21523891519659166
1532858760,464.6,0.01226125798003963,-0.0
1532858820,464.6,-0.012261242945399431,-0.0
1532858880,464.6,0.01226125798003963,-0.21524354807622714
1532858940,464.59,0.0,0.21523891519659166
1532859000,464.6,0.0,-0.0
1532859060,464.6,0.0,-0.0
1532859120,464.6,0.0,-0.0
1532859180,464.6,-0.012261242945399431,-0.21524354807622714
1532859240,464.59,3.0040082052340544,0.21523891519659166
1532859300,464.6,0.1716060611256509,-0.21524354807622714
1532859360,464.59,1.9979505684974974,0.21523891519659166
1532859420,464.6,-0.012254916978982067,-0.21524354807622714
1532859480,464.59,0.012254931998079144,0.21523891519659166
1532859540,464.6,-0.012254916978982067,-0.0
1532859600,464.6,0.0,-0.0
1532859660,464.6,0.012254931998079144,-0.0
1532859720,464.6,0.012254916978982067,-0.21524354807622714
1532859780,464.59,0.0,0.21523891519659166
1532859840,464.6,0.0,-0.0
1532859900,464.6,0.0,-0.0
1532859960,464.6,0.0,6.667957239036015
1532860020,464.91,0.0,-0.2151000215100396
1532860080,464.9,-0.012254901960995213,0.21509539480879525
1532860140,464.91,0.0,-0.0
1532860200,464.91,0.0,-0.0
1532860260,464.91,0.012254916978982067,-0.0
1532860320,464.91,-0.012254901960995213,-0.0
1532860380,464.91,0.012254916978982067,-0.0
1532860440,464.91,-0.012254901960995213,-0.2151000215100396
1532860500,464.9,-7.2916756025431795,0.21509539480879525
1532860560,464.91,-1.2999690950743492,-0.0
1532860620,464.91,0.0,-0.2151000215100396
1532860680,464.9,0.0,-0.0
1532860740,464.9,-1.4105271937370212,-0.0
1532860800,464.9,0.012267184179570734,-0.0
1532860860,464.9,0.0,-6.672549990314192
1532860920,464.59,-4.698325776757439,-8.401551055579048
1532860980,464.2,0.0,-1.5081981341436013
1532861040,464.13,-0.012272935354662451,-0.0
1532861100,464.13,0.012272950418168449,-0.0
1532861160,464.13,-0.012272935354662451,-0.0
1532861220,464.13,0.0,-0.0
1532861280,464.13,0.012272950418168449,-0.0
1532861340,464.13,-0.012272935354662451,0.21545223423902193
1532861400,464.14,-1.3868433971531147,-0.8618832148243882
1532861460,464.1,0.0,-0.2154754465744091
1532861520,464.09,-1.0310708284289039,-0.0
1532861580,464.09,0.0,-0.0
1532861640,464.09,0.0,0.21547080370720728
1532861700,464.1,0.0,-0.0
1532861760,464.1,-0.012275918452875345,-0.0
1532861820,464.1,0.012275933523042681,-0.0
1532861880,464.1,0.0,-0.0
1532861940,464.1,0.0,-0.0
1532862000,464.1,0.0,-0.0
1532862060,464.1,-0.012275918452875345,-0.0
1532862120,464.1,0.024551867046085363,-0.0
1532862180,464.1,0.0,-0.0
1532862240,464.1,0.0,-0.0
1532862300,464.1,0.0,-0.0
1532862360,464.1,0.0,-0.2154754465744091
1532862420,464.09,0.0,0.21547080370720728
1532862480,464.1,-0.012275903383818232,-0.2154754465744091
1532862540,464.09,0.012275918452875345,0.21547080370720728
1532862600,464.1,-0.012275903383818232,-0.0
1532862660,464.1,0.0,4.953373678202588
1532862720,464.33,0.0,-0.21536871123384316
1532862780,464.32,0.012275918452875345,-0.0
1532862840,464.32,0.0,0.21536407296518512
1532862900,464.33,-0.012275903383818232,-0.0
1532862960,464.33,0.0,-0.21536871123384316
1532863020,464.32,0.012275918452875345,-0.0
1532863080,464.32,0.0,0.21536407296518512
1532863140,464.33,-2.4920083868973375,-17.25886134662291
1532863200,463.53,-0.012278963311684876,-0.21574042112559866
1532863260,463.52,0.0,0.2157357668330917
1532863320,463.53,0.0,-0.0
1532863380,463.53,0.0,-0.0
1532863440,463.53,0.012278978389623774,-0.0
1532863500,463.53,-3.683688993505463,-0.21574042112559866
1532863560,463.52,-0.01228348816662006,0.2157357668330917
1532863620,463.53,-1.228350325512828,-0.21574042112559866
1532863680,463.52,0.0,-0.21574507561794576
1532863740,463.51,0.012285012285229158,-0.0
1532863800,463.51,0.0,-0.0
1532863860,463.51,-4.901713879957859,-0.0
1532863920,463.51,-0.012291021900256993,-0.0
1532863980,463.51,0.0,-0.21574973031235345
1532864040,463.5,0.0,-8.421325387055756
1532864100,463.11,-8.56685279393754,8.414239482200658
1532864160,463.5,-0.9349197445207569,-10.79913606911509
1532864220,463.0,0.012302725791446534,-2.3763745166238692
1532864280,462.89,-0.5044111369056914,-12.545694447447797
1532864340,462.31,0.0,-6.493365944459928
1532864400,462.01,0.0,2.596671932140193
1532864460,462.13,0.0,0.21638464534512458
1532864520,462.14,19.84527330620045,7.351669261373983
1532864580,462.48,-0.012278963311684876,-0.21623024196060214
1532864640,462.47,-9.798624754420171,0.216225566510575
1532864700,462.48,0.0,-0.21623024196060214
1532864760,462.47,7.042755548780644,12.957004340595768
1532864820,463.07,3.9917708109427075,0.2159454090000512
1532864880,463.08,0.0,-0.0
1532864940,463.08,0.0,-0.0
1532865000,463.08,2.762430939227123,31.214345682732958
1532865060,464.53,0.0,-0.0
1532865120,464.53,7.462640768356454,-0.21527598381032576
1532865180,464.52,0.404742602102548,-0.0
1532865240,464.52,1.5821115916048178,3.0129557095515125
1532865300,464.66,-0.01226249088048803,-0.0
1532865360,464.66,1.7044883224159868,0.215206490628006
1532865420,464.67,4.487312308354419,-0.0
1532865480,464.67,0.012254916978982067,-0.0
1532865540,464.67,1.1274509803915755,-0.2152111221098707
1532865600,464.66,4.092675825764225,-0.0
1532865660,464.66,0.0,0.215206490628006
1532865720,464.67,0.0,-0.2152111221098707
1532865780,464.66,0.012248507519352358,0.215206490628006
1532865840,464.67,-0.012248492516908627,-0.2152111221098707
1532865900,464.66,0.012248507519352358,-0.0
1532865960,464.66,0.0,-17.462541769968087
1532866020,463.85,0.0,-5.608403977652721
1532866080,463.59,0.0,-0.0
1532866140,463.59,0.0,3.2345710958736618
1532866200,463.74,-0.012248492516908627,2.3714562897492186
1532866260,463.85,0.0,8.400827158365765
1532866320,464.24,0.012248507519352358,6.242869136545703
1532866380,464.53,2.486443980906916,-0.0
1532866440,464.53,10.76374857646556,-0.0
1532866500,464.53,13.369883389662274,6.883941056256004
1532866560,464.85,9.516224001406837,1.2905723688461102
1532866620,464.91,-8.61626032334084,-0.0
1532866680,464.91,-5.350108406877441,-1.7210593120076112
1532866740,464.83,0.012221397958089852,1.7207631584614802
1532866800,464.91,15.423385371982068,-0.0
1532866860,464.91,0.0,-0.0
1532866920,464.91,-12.38560097620467,-1.075592651551549
1532866980,464.86,-0.745279388139064,-0.6453972420028542
1532867040,464.83,-0.012218605515146308,-1.506153713743963
1532867100,464.76,0.0,-0.0
1532867160,464.76,0.0,-0.0
1532867220,464.76,0.0,-0.0
1532867280,464.76,0.0,-0.21516944593846787
1532867340,464.75,0.0,-2.3674242424243097
1532867400,464.64,0.0,0.21521575379268576
1532867460,464.65,0.0,-0.0
1532867520,464.65,-0.012218620443205097,-0.0
1532867580,464.65,0.01221863537237411,-2.798587789545337
1532867640,464.52,-0.012218620443205097,0.21527134953625016
1532867700,464.53,5.7305399903717635,-0.0
1532867760,464.53,0.9647193582540403,-0.0
1532867820,464.53,0.0,-0.21527598381032576
1532867880,464.52,0.6471543524178003,-10.775397612172721
1532867940,464.02,0.04883867730232083,10.978838826339876
1532868000,464.53,0.891301507763842,-7.109004739336289
1532868060,464.2,0.0,7.103954534690704
1532868120,464.53,3.9555609815655757,-0.0
1532868180,464.53,0.01220369430177115,-0.0
1532868240,464.53,0.0,-0.21527598381032576
1532868300,464.52,13.118955365043483,44.79115321146199
1532868360,466.61,13.406459475928667,3.641972663780413
1532868420,466.78,-1.2171372930869229,-3.643299543514278
1532868480,466.61,-0.012172854534364674,-0.0
1532868540,466.61,-3.4814406347427607,-2.572402409484198
1532868600,466.49,0.0,-14.598226744810816
1532868660,465.81,0.0,-6.444544692918441
1532868720,465.51,-11.970097891776943,2.577153533921406
1532868780,465.63,21.567121417163104,5.151651748341868
1532868840,465.87,-1.2773738167559667,8.36443186205127
1532868900,466.26,-0.3893446113489851,-0.0
1532868960,466.26,-0.7057145846867119,-12.024908739531881
1532869020,465.7,-9.491314230645198,3.863655877049954
1532869080,465.88,-0.9743929531891293,-9.883546044433533
1532869140,465.42,0.0,0.21485508024832178
1532869200,465.43,-1.1572043890939465,11.588728888126676
1532869260,465.97,-0.012182508598579389,5.147894725552327
1532869320,466.21,-3.727852172387136,0.2144910128276667
1532869380,466.22,-0.01218706659811275,-0.2144956135663456
1532869440,466.21,5.593870385514066,0.2144910128276667
1532869500,466.22,-1.1693057247252892,-0.0
1532869560,466.22,0.0,-0.2144956135663456
1532869620,466.21,0.0,0.2144910128276667
1532869680,466.22,-0.012181692378154807,-4.935728234511938
1532869740,465.99,0.012181707218505977,-5.797474877609066
1532869800,465.72,-17.115277791314163,-0.0
1532869860,465.72,0.0,-4.081369621722342
1532869920,465.53,0.012202577428510608,-0.0
1532869980,465.53,0.0,-0.2148135418456043
1532870040,465.52,-0.012202562538199402,-7.093875620713952
1532870100,465.19,0.0,-0.6449393756979838
1532870160,465.16,0.0,0.21497517036728198
1532870220,465.17,0.012202577428510608,-0.0
1532870280,465.17,0.0,-7.745100148448536
1532870340,464.81,-0.012202562538199402,3.871050990343905
1532870400,464.99,0.0,0.21505376344044258
1532870460,465.0,0.012202577428510608,-0.0
1532870520,465.0,0.0,-0.0
1532870580,465.0,-0.012202562538199402,-0.0
1532870640,465.0,-1.1958525879829374,-0.0
1532870700,465.0,-0.012204036851093392,-0.0
1532870760,465.0,0.0,-3.2268473701191347
1532870820,464.85,0.012204051744735267,-0.645411126889428
1532870880,464.82,0.0,-6.4582795143386384
1532870940,464.52,0.0,-7.324744711103559
1532871000,464.18,-3.5391706868803663,-0.0
1532871060,464.18,-1.3551276933154721,-0.21543830923898
1532871120,464.17,-9.316239316239372,0.21543366797383
1532871180,464.18,0.012221397958089852,-3.6637141440931664
1532871240,464.01,-0.012221383021149279,-0.21551724137980344
1532871300,464.0,0.012221397958089852,-0.0
1532871360,464.0,-6.74620342736465,-7.7646449831769715
1532871420,463.64,0.0,-3.6679828252084157
1532871480,463.47,0.0,-1.2947497896043103
1532871540,463.41,6.909742859728674,-0.0
1532871600,463.41,3.0186336466431207,-0.0
1532871660,463.41,0.0,12.930755802675886
1532871720,464.01,-0.012217500836575468,5.384913625985366
1532871780,464.26,0.0,3.014642549525881
1532871840,464.4,0.0,2.7985275439690316
1532871900,464.53,0.012217515763524034,-1.2917949490809377
1532871960,464.47,2.590110177422833,-0.0
1532872020,464.47,0.0,-0.0
1532872080,464.47,0.07328602313227961,-0.0
1532872140,464.47,8.672115849697182,-0.21530379365364283
1532872200,464.46,0.012203664516707846,-0.0
1532872260,464.46,0.0,-12.503233594893803
1532872320,463.88,-0.012203649624176194,-0.2155776402879006
1532872380,463.87,0.0,0.21557299301533384
1532872440,463.88,0.012203664516707846,-0.0
1532872500,463.88,-0.012203649624176194,-0.2155776402879006
1532872560,463.87,0.012203664516707846,-0.0
1532872620,463.87,-0.07322189774283672,-0.0
1532872680,463.87,-0.2562785186110972,0.21557299301533384
1532872740,463.88,-0.04881620698227174,-0.2155776402879006
1532872800,463.87,1.2570234660658208,0.21557299301533384
1532872860,463.88,0.012202577428510608,-0.0
1532872920,463.88,-1.2690665039671867,2.3707407487227883
1532872980,463.99,1.2570234660658208,-0.0
1532873040,463.99,0.0,-0.0
1532873100,463.99,0.5491159842785365,-0.21552653131529098
1532873160,463.98,0.17082670362933428,-0.0
1532873220,463.98,3.087029838035882,0.21552188624762714
1532873280,463.99,1.963867281604692,-0.0
1532873340,463.99,12.537013458997492,20.862009635236323
1532873400,464.96,12.168087697927987,10.098188771674455
1532873460,465.43,6.99514232985754,-0.0
1532873520,465.43,-3.683559169145312,-0.0
1532873580,465.43,-6.615823736941806,-0.0
1532873640,465.43,6.0482374316528364,1.5037593984956743
1532873700,465.5,4.633773764812776,17.584491336420925
1532873760,466.32,0.5835121352304462,-0.21444961506356108
1532873820,466.31,0.012155793511769986,-0.0
1532873880,466.31,0.0,-6.652360515022604
1532873940,466.0,-11.584457135078718,-0.21459687976177477
1532874000,465.99,-0.012169876877354824,0.21459227467768294
1532874060,466.0,0.012169891687729972,-0.0
1532874120,466.0,0.0,-0.0
1532874180,466.0,10.928549435864632,-0.21459687976177477
1532874240,465.99,0.0,0.21459227467768294
1532874300,466.0,4.449312483967294,-0.0
1532874360,466.0,0.0,-0.0
1532874420,466.0,-0.8991876932795684,-0.0
1532874480,466.0,-0.01215227776296679,-0.0
1532874540,466.0,0.0,-0.21459687976177477
1532874600,465.99,0.01215229253004324,-0.0
1532874660,465.99,0.0,0.21459227467768294
1532874720,466.0,0.0,-0.0
1532874780,466.0,0.0,4.933187482573098
1532874840,466.23,-1.2030754984559966,5.7877813504814135
1532874900,466.5,-2.3335180701811176,-0.0
1532874960,466.5,0.0,-6.435006435006052
1532875020,466.2,-0.3160709944083351,5.788153579009414
1532875080,466.47,0.0,-5.576885952682797
1532875140,466.21,0.0,-0.0
1532875200,466.21,-0.2066683362222932,-0.0
1532875260,466.21,-6.0056628294458125,-0.0
1532875320,466.21,2.3964100075080097,-0.21450021449931356
1532875380,466.2,-4.378177218884449,0.21449561356412516
1532875440,466.21,-3.5527436427784664,-0.21450021449931356
1532875500,466.2,-10.893272704258772,-0.0
1532875560,466.2,-1.9982624863978948,-0.0
1532875620,466.2,0.0,-0.0
1532875680,466.2,0.012186962632387832,-7.94281175536149
1532875740,465.83,0.5971604411669773,0.4293227433727065
1532875800,465.85,0.01218622006637915,0.6439426461746223
1532875860,465.88,0.0,-0.21465215618077238
1532875920,465.87,-0.012186205216035972,0.21464754872524416
1532875980,465.88,0.01218622006637915,-0.0
1532876040,465.88,0.47526200341208025,-0.0
1532876100,465.88,0.8895507037820494,-0.0
1532876160,465.88,12.866876565713614,-0.21465215618077238
1532876220,465.87,-4.1860963191564515,-0.0
1532876280,465.87,0.0,0.21464754872524416
1532876340,465.88,-0.01217398079456089,-0.21465215618077238
1532876400,465.87,0.0,0.21464754872524416
1532876460,465.88,-0.2678279035273068,5.363310664406873
1532876520,466.13,-9.751631663462712,1.7159649085174422
1532876580,466.21,0.0,-0.21450021449931356
1532876640,466.2,0.0,-0.8580744808650564
1532876700,466.16,-0.012186205216035972,1.0724780678228463
1532876760,466.21,0.01218622006637915,-0.0
1532876820,466.21,4.033633926394664,-0.21450021449931356
1532876880,466.2,0.0,0.42898202565422316
1532876940,466.22,0.0,0.21448641228549725
1532877000,466.23,0.048725166914564966,-0.21449101282655647
1532877060,466.22,4.67759323210748,0.42896362388411546
1532877120,466.24,1.2784314011970999,-0.0
1532877180,466.24,-0.01217398079456089,4.930649345081806
1532877240,466.47,0.012173995616038269,-0.21438065429091324
1532877300,466.46,-2.422622178070988,0.21437605848273478
1532877360,466.47,-0.012176930804796982,-0.21438065429091324
1532877420,466.46,2.4232121808420715,0.21437605848273478
1532877480,466.47,0.06086997807575045,-0.0
1532877540,466.47,0.9252180349350603,0.6430868167195403
1532877600,466.5,8.240982393268315,10.064886395272366
1532877660,466.97,1.1676261066617677,-2.9989503673721885
1532877720,466.83,0.0,-0.0
1532877780,466.83,0.0,3.854307188283501
1532877840,467.01,0.0,0.21412359213712762
1532877900,467.02,0.0,-0.0
1532877960,467.02,0.012161351954365074,-0.21412817712729293
1532878020,467.01,0.0,0.21412359213712762
1532878080,467.02,-0.01216133716397394,-0.21412817712729293
1532878140,467.01,0.0,-10.074162987094848
1532878200,466.54,-14.374718008651755,-0.6430730316608901
1532878260,466.51,-10.400745346155205,5.1419389394757875
1532878320,466.75,1.9994123678279685,-3.4291347864301436
1532878380,466.59,9.129637191389595,0.21431633090540636
1532878440,466.6,-0.012177983667038816,0.21431173785391167
1532878500,466.61,0.0,-0.0
1532878560,466.61,0.0,-0.21431633090429614
1532878620,466.6,0.012177998498508202,0.21431173785391167
1532878680,466.61,0.0,3.641972663780413
1532878740,466.78,0.0,-0.21423827581079635
1532878800,466.77,0.0,0.21423368610440363
1532878860,466.78,0.0,0.8568613169968042
1532878920,466.82,2.764402292381174,-0.2142199181687232
1532878980,466.81,0.0,-0.0
1532879040,466.81,0.0,0.2142153292483684
1532879100,466.82,1.3026841380558984,-0.0
1532879160,466.82,6.232592563739647,1.2851267991775828
1532879220,466.88,0.34063260340611023,-0.0
1532879280,466.88,0.0,0.856677803479089
1532879340,466.92,-0.012165035740974162,1.07073259524193
1532879400,466.97,0.0,-0.0
1532879460,466.97,0.0,-0.2141511050202105
1532879520,466.96,0.01216505054024708,0.21414651904971826
1532879580,466.97,0.0,-0.0
1532879640,466.97,1.9829008257610248,-0.2141511050202105
1532879700,466.96,1.26491289736963,-8.78791126353029
1532879760,466.55,2.4687004055712336,5.355612682090838
1532879820,466.8,-2.261403675144491,2.3559144160545387
1532879880,466.91,-2.2983976884705104,-0.0
1532879940,466.91,0.0,-0.21417862497319362
1532880000,466.9,-13.331338498009382,-0.0
1532880060,466.9,-0.21923761337916403,-14.155799588193574
1532880120,466.24,-6.150967894382742,2.144358193592044
1532880180,466.34,0.7921960161061392,-2.5738921539186776
1532880240,466.22,-0.01218666559443804,4.502283300816812
1532880300,466.43,0.0,-6.43597279728958
1532880360,466.13,0.0,7.288785988381896
1532880420,466.47,0.012186680447001663,-4.718498659517234
1532880480,466.25,0.0,-2.5743891189144996
1532880540,466.13,0.0,-1.7165540178099015
1532880600,466.05,0.0,-0.21457385632084325
1532880660,466.04,0.0,-0.0
1532880720,466.04,-0.01218666559443804,-3.649086655075351
1532880780,465.87,-6.909847812734959,0.21464754872524416
1532880840,465.88,0.0,-0.0
1532880900,465.88,0.0,-0.0
1532880960,465.88,0.0,-0.21465215618077238
1532881020,465.87,-0.012195107079726597,0.21464754872524416
1532881080,465.88,0.012195121952274235,-0.0
1532881140,465.88,-0.012195107079726597,-0.21465215618077238
1532881200,465.87,0.012195121952274235,0.21464754872524416
1532881260,465.88,0.0,-1.9322012065514649
1532881320,465.79,-0.012195107079726597,-0.21469363218784565
1532881380,465.78,0.0,-0.0
1532881440,465.78,0.6341463414649695,-1.0735834066943895
1532881500,465.73,-0.012194348650851339,-9.026240570801924
1532881560,465.31,0.01219436352117853,0.21490587122863225
1532881620,465.32,0.0,-0.0
1532881680,465.32,0.23169262436839588,-0.21491048977972937
1532881740,465.31,0.0,0.4298025057480892
1532881800,465.33,-0.012194066121296032,-0.21490587122752203
1532881860,465.32,0.012194080991623224,0.2149012528740446
1532881920,465.33,0.0,-0.21490587122752203
1532881980,465.32,0.0,0.2149012528740446
1532882040,465.33,0.0,-0.0
1532882100,465.33,-0.012194066121296032,-0.0
1532882160,465.33,0.012194080991623224,-0.21490587122752203
1532882220,465.32,-11.852632272082442,0.2149012528740446
1532882280,465.33,-1.1964365723793335,-0.21490587122752203
1532882340,465.32,0.0,-11.833810271748568
1532882400,464.77,0.0,-1.0759166810103693
1532882460,464.72,0.0,-1.5065102765543514
1532882520,464.65,-0.6471298569854511,0.21521112211209115
1532882580,464.66,-0.5739070124100021,-0.0
1532882640,464.66,-4.896806817918931,-0.21521575379379598
1532882700,464.65,0.012217470983788559,-0.0
1532882760,464.65,0.0,-0.0
1532882820,464.65,0.0,-0.0
1532882880,464.65,-0.012217456056839993,-0.0
1532882940,464.65,-23.17654245571177,-0.0
1532883000,464.65,-0.012245852635262011,-0.0
1532883060,464.65,0.0,0.21521112211209115
1532883120,464.66,1.1143739545094178,-0.0
1532883180,464.66,6.5385646748539195,-0.21521575379379598
1532883240,464.65,0.0122365022203752,0.21521112211209115
1532883300,464.66,0.0,-0.21521575379379598
1532883360,464.65,1.6641622656110577,0.21521112211209115
1532883420,464.66,1.6516509168496007,-0.0
1532883480,464.66,3.2660590410515944,-5.598621877693777
1532883540,464.4,0.012228436985228797,-0.4306817692412146
1532883600,464.38,5.3438204280675805,-0.0
1532883660,464.38,0.01222189087268788,0.2153362475498799
1532883720,464.39,-0.012221875935747306,-0.0
1532883780,464.39,0.01222189087268788,0.21533161068010287
1532883840,464.4,0.0,-0.0
1532883900,464.4,1.2099657176367629,-0.21533624755099012
1532883960,464.39,1.1731581417184778,0.21533161068010287
1532884020,464.4,0.012218963831855945,-0.21533624755099012
1532884080,464.39,1.2096759412560942,-0.0
1532884140,464.39,-0.012217470983788559,0.21533161068010287
1532884200,464.4,0.012217485909626902,-0.21533624755099012
1532884260,464.39,0.0,0.21533161068010287
1532884320,464.4,0.7941356139284927,-0.21533624755099012
1532884380,464.39,-0.01221650082650072,0.21533161068010287
1532884440,464.4,0.012216515750118617,-0.21533624755099012
1532884500,464.39,0.0,0.21533161068010287
1532884560,464.4,-0.781856052970431,-0.21533624755099012
1532884620,464.39,-0.012217456056839993,0.21533161068010287
1532884680,464.4,0.0,-0.21533624755099012
1532884740,464.39,-0.012217470983788559,0.21533161068010287
1532884800,464.4,1.2339660769278282,-0.0
1532884860,464.4,0.0,18.055197317514704
1532884920,465.24,0.0,0.2149382052663018
1532884980,465.25,-0.012215978499874325,-0.0
1532885040,465.25,0.012215993423492222,-0.0
1532885100,465.25,0.0,-0.0
1532885160,465.25,0.0,-0.0
1532885220,465.25,0.0,-0.21494282520739816
1532885280,465.24,6.217933056438252,0.2149382052663018
1532885340,465.25,0.0610419370317139,-0.0
1532885400,465.25,0.1831246932648689,0.21493358552171493
1532885460,465.26,3.784507690485217,0.2149289659769682
1532885520,465.27,0.0,-0.0
1532885580,465.27,0.01220347091157592,3.6524578893093462
1532885640,465.44,0.0,5.7975993644110435
1532885700,465.71,-3.8074782778485528,0.2147212917646968
1532885760,465.72,0.0,-0.0
1532885820,465.72,0.012208104227529049,-5.585872040563267
1532885880,465.46,-0.012208089323895166,1.933197293524369
1532885940,465.55,0.0,-0.0
1532886000,465.55,0.012208104227529049,-0.0
1532886060,465.55,-0.012208089323895166,-0.0
1532886120,465.55,0.012208104227529049,-0.0
1532886180,465.55,0.0,-4.727827563235643
1532886240,465.33,0.0,-0.21490587122752203
1532886300,465.32,0.0,-0.0
1532886360,465.32,0.0,-0.21491048977972937
1532886420,465.31,-0.012208089323895166,-6.021116917189762
1532886480,465.03,0.012208104227529049,1.7200232203140597
1532886540,465.11,-0.18312133986175816,2.794256727710609
1532886600,465.24,-0.012208312885064743,-2.7950377330099307
1532886660,465.11,0.012208327788698625,0.2149982800137007
1532886720,465.12,0.0,-0.21500290253939625
1532886780,465.11,-0.14649975461300535,0.2149982800137007
1532886840,465.12,0.0,-0.0
1532886900,465.12,-0.01220849173866334,-6.023578005336372
1532886960,464.84,-4.688066551011838,6.01995184038584
1532887020,465.12,5.044478128584107,-1.7202821262674028
1532887080,465.04,-0.07324844652267792,-0.4300890284292258
1532887140,465.02,0.06104081921698423,-0.21504913872760767
1532887200,465.01,2.2218722569955496,-0.0
1532887260,465.01,1.5989044453190715,-0.0
1532887320,465.01,0.012203426233980963,0.2150445142146129
1532887380,465.02,0.0,4.084177038327086
1532887440,465.21,0.0,12.237537034651691
1532887500,465.78,0.8054251485467567,-5.370223186476064
1532887560,465.53,0.9395869966044579,2.3623400051542287
1532887620,465.64,-0.012201282111323764,-0.6443160585023477
1532887680,465.61,2.916109982491477,-1.0739754274413649
1532887740,465.56,0.02439548000499059,1.0738600975068735
1532887800,465.61,-0.03659313073778314,0.42952558898634585
1532887860,465.63,-2.8908679068517795,0.21475818228644528
1532887920,465.64,0.0,4.936999592161095
1532887980,465.87,0.0,-1.7175121836010554
1532888040,465.79,1.6837769312783024,-2.1473512422431895
1532888100,465.69,-1.6956926965649988,-0.42948869370951215
1532888160,465.67,0.012201296997194078,-3.4370905028890952
1532888220,465.51,1.2811346216246022,-0.21482277121398496
1532888280,465.5,-1.268770792894891,-0.0
1532888340,465.5,0.0,-0.0
1532888400,465.5,0.0,-0.21482738619571506
1532888460,465.49,0.024402534446466007,-0.6445236969887524
1532888520,465.46,-0.012201237449271929,1.0740907821527035
1532888580,465.51,-0.02440250467139471,8.585349101758455
1532888640,465.91,-1.0493102615227734,-6.658075601375657
1532888700,465.6,1.0860280658930854,4.293688278230734
1532888760,465.8,-1.0737088955548035,-0.42938726437347086
1532888820,465.78,0.0,-3.8659793814432852
1532888880,465.6,0.0,8.58369098712397
1532888940,466.0,0.0,-1.9317035478949585
1532889000,465.91,0.0,0.21462912087932828
1532889060,465.92,0.0,-0.0
1532889120,465.92,-0.012202547647888196,-0.2146337275443777
1532889180,465.91,0.6345332519841484,0.21462912087932828
1532889240,465.92,0.0,-0.8585901949009767
1532889300,465.88,0.0,3.4331817011423738
1532889360,466.04,0.0,1.0727541891042414
1532889420,466.09,0.01220178829530738,-1.931330472102477
1532889480,466.0,0.0,-6.656788850951667
1532889540,465.69,0.012201773404996175,0.4294518047709417
1532889600,465.71,0.0,7.724161606625923
1532889660,466.07,0.0,-0.0
1532889720,466.07,0.012201758514684968,-0.0
1532889780,466.07,2.977225445517373,4.93244692258199
1532889840,466.3,16.76020585533733,-0.21445881318582494
1532889900,466.29,0.8767945365972807,0.21445421402477294
1532889960,466.3,-4.468824772144719,2.144082332761199
1532890020,466.4,0.0,-0.0
1532890080,466.4,-0.012182078213962555,-0.0
1532890140,466.4,0.012182093054313725,-0.0
1532890200,466.4,-0.02436415642792511,-0.21441283046375048
1532890260,466.39,-0.04872843157865958,0.2144082332755648
1532890320,466.4,-0.012182167256069576,-0.0
1532890380,466.4,-0.14618618516037962,-0.0
1532890440,466.4,0.15837068241930652,-1.7155601303819878
1532890500,466.32,0.0730930035386379,0.42887163871796474
1532890560,466.34,1.4862135420856681,-0.21444041772955558
1532890620,466.33,0.0,1.5008576329333945
1532890680,466.4,-0.012180267966455105,-0.0
1532890740,466.4,0.0,-0.21441283046375048
1532890800,466.39,0.012180282802365383,-0.0
1532890860,466.39,-0.28014616321514474,5.571627558126346
1532890920,466.65,3.2887644842660713,-0.0
1532890980,466.65,2.8736786861927044,-3.0010074810826737
1532891040,466.51,0.0,-1.7151555431671461
1532891100,466.43,0.0,0.8575042339276084
1532891160,466.47,-0.012173106442858739,0.2143714628710658
1532891220,466.48,0.012173121262115671,-0.0
1532891280,466.48,0.0,-0.21437605848051433
1532891340,466.47,-0.4017125126143384,-1.2864218177144338
1532891400,466.41,0.0,-8.153981503338237
1532891460,466.03,-2.1303792074989225,0.21457385632195347
1532891520,466.04,0.01217618946114385,-0.2145784606155665
1532891580,466.03,-0.23134731807594733,0.21457385632195347
1532891640,466.04,-1.4002924784806137,-0.0
1532891700,466.04,0.01217816163467944,-0.2145784606155665
1532891760,466.03,0.0,0.21457385632195347
1532891820,466.04,-2.0824631032612118,-0.2145784606155665
1532891880,466.03,-0.012180683385265567,-0.0
1532891940,466.03,0.0,-0.0
1532892000,466.03,0.0,-0.0
1532892060,466.03,0.0,-0.0
1532892120,466.03,-0.012180698220065622,0.21457385632195347
1532892180,466.04,-0.4872285223589401,-1.931537718640186
1532892240,465.95,0.012181306567882189,0.8583875190459889
1532892300,465.99,-2.5093460960778913,-0.8584612082840337
1532892360,465.95,-2.3759480946727862,0.2146106961964378
1532892420,465.96,3.595237224720549,-0.0
1532892480,465.96,0.0,-0.0
1532892540,465.96,0.0,-0.2146153020698982
1532892600,465.95,0.0,-0.0
1532892660,465.95,-3.1675448481716106,0.2146106961964378
1532892720,465.96,0.41434865001521715,-0.0
1532892780,465.96,2.754085734932854,0.6437906392842141
1532892840,465.99,0.0,-0.6438320885915338
1532892900,465.96,0.26802302561357294,0.6437906392842141
1532892960,465.99,0.5360316843461277,1.0728692816064367
1532893020,466.04,-2.7043785350300276,4.289636238846706
1532893080,466.24,-0.012185180627843906,-1.0725240781650491
1532893140,466.19,0.0,0.21450021450042378
1532893200,466.2,0.012185195474856414,0.21449561356412516
1532893260,466.21,0.0,0.2144910128276667
1532893320,466.22,0.0,-0.0
1532893380,466.22,0.012185180626733683,-0.0
1532893440,466.22,-0.012185165779721174,-0.2144956135663456
1532893500,466.21,0.0,0.2144910128276667
1532893560,466.22,0.0,-0.42900042900084756
1532893620,466.2,0.0,0.42898202565422316
1532893680,466.22,0.012185180626733683,-1.716222594070338
1532893740,466.14,0.0,0.21452322213844077
1532893800,466.15,-0.012185165779721174,-0.8581665272133776
1532893860,466.11,0.012185180626733683,-0.21454623471361955
1532893920,466.1,0.0,0.2145416318033444
1532893980,466.11,0.0,-0.0
1532894040,466.11,0.08529616045471755,-0.0
1532894100,466.11,2.7172687914966964,-0.0
1532894160,466.11,1.1085394079657362,-0.21454623471361955
1532894220,466.1,-0.01218040149075783,-0.0
1532894280,466.1,0.18270624490002163,0.2145416318033444
1532894340,466.11,1.5347044171476476,-0.0
1532894400,466.11,3.275969364207043,0.8580928885548733
1532894460,466.15,1.0104699293878028,-0.0
1532894520,466.15,-0.012173106442858739,-0.0
1532894580,466.15,0.012173121262115671,-0.21452782425823713
1532894640,466.14,0.0,-0.0
1532894700,466.14,0.0,0.21452322213844077
1532894760,466.15,-0.5964822157000782,-0.0
1532894820,466.15,-5.356486339741506,-2.3603124195337166
1532894880,466.04,-0.7186410619319794,0.21456925222596013
1532894940,466.05,-0.1827184856284525,-0.0
1532895000,466.05,-0.9257905764270546,-0.0
1532895060,466.05,-2.7532637139338068,-0.0
1532895120,466.05,0.012185937914299672,-0.0
1532895180,466.05,0.0,-0.21457385632084325
1532895240,466.04,0.0,0.21456925222596013
1532895300,466.05,-0.01218592306617694,-0.4291569212289126
1532895360,466.03,0.012185937914299672,0.21457385632195347
1532895420,466.04,0.0,-0.2145784606155665
1532895480,466.03,0.0,-0.0
1532895540,466.03,0.0,0.21457385632195347
1532895600,466.04,0.0,-0.0
1532895660,466.04,0.0,-0.2145784606155665
1532895720,466.03,-0.8773864607092285,-0.0
1532895780,466.03,-0.012186992336404856,0.21457385632195347
1532895840,466.04,0.767781452839511,-0.2145784606155665
1532895900,466.03,4.460102192396231,0.21457385632195347
1532895960,466.04,-3.032979079752307,-0.2145784606155665
1532896020,466.03,0.0,-0.0
1532896080,466.03,-0.012184334358122939,0.21457385632195347
1532896140,466.04,0.0,-0.0
1532896200,466.04,0.0,-0.0
1532896260,466.04,0.012184349202915001,-0.2145784606155665
1532896320,466.03,-1.7301754787835133,-0.0
1532896380,466.03,0.0,-0.0
1532896440,466.03,0.0,-0.0
1532896500,466.03,0.0,0.21457385632195347
1532896560,466.04,0.0,-0.0
1532896620,466.04,-0.012186442825967703,-0.2145784606155665
1532896680,466.03,0.01218645767631088,0.21457385632195347
1532896740,466.04,0.0,-0.2145784606155665
1532896800,466.03,0.0,-0.0
1532896860,466.03,-0.4508983845663561,-0.0
1532896920,466.03,0.0,-0.0
1532896980,466.03,-0.012186992336404856,0.21457385632195347
1532897040,466.04,0.012187007187858256,-0.2145784606155665
1532897100,466.03,0.0,-0.0
1532897160,466.03,0.0,0.21457385632195347
1532897220,466.04,0.012186992335294633,-0.2145784606155665
1532897280,466.03,0.01218697748273101,0.21457385632195347
1532897340,466.04,-0.03656088789383283,-0.0
1532897400,466.04,-5.337909148297459,-0.2145784606155665
1532897460,466.03,-7.413657713374322,0.21457385632195347
1532897520,466.04,-2.0256253813299985,-0.2145784606155665
1532897580,466.03,-0.2685107660604924,0.21457385632195347
1532897640,466.04,-0.7323217528854009,-0.0
1532897700,466.04,0.0,-0.2145784606155665
1532897760,466.03,0.0,0.21457385632195347
1532897820,466.04,0.0,-0.2145784606155665
1532897880,466.03,0.0,0.21457385632195347
1532897940,466.04,0.9887067715430575,-0.2145784606155665
1532898000,466.03,2.904801832708248,-0.0
1532898060,466.03,2.647726676516804,0.21457385632195347
1532898120,466.04,1.4393965269077214,-0.0
1532898180,466.04,1.3172241695991183,-0.2145784606155665
1532898240,466.03,0.0,-4.937741519965844
1532898300,465.8,3.548719899904018,2.575549450549719
1532898360,465.92,0.0,-5.583472920156485
1532898420,465.66,-0.01219058764490022,-2.3627966920858334
1532898480,465.55,0.01219060250745585,-0.0
1532898540,465.55,1.243439940021851,0.21479508548805093
1532898600,465.56,0.4144284483187377,3.435540668212944
1532898660,465.72,0.0,3.005194693684876
1532898720,465.86,0.0,0.21465215618077238
1532898780,465.87,0.0,-0.0
1532898840,465.87,-4.217244140649612,2.3606163354650267
1532898900,465.98,2.499710399403998,-0.42922139239509605
1532898960,465.96,0.01219066195323748,0.21460609052170732
1532899020,465.97,1.7066905928420084,-0.0
1532899080,465.97,0.0,-0.21461069619865825
1532899140,465.96,0.0,-0.0
1532899200,465.96,0.0,-0.0
1532899260,465.96,-0.012188566880233509,0.21460609052170732
1532899320,465.97,0.012188581737238025,0.643776824034159
1532899380,466.0,-0.012188566880233509,-0.21459687976177477
1532899440,465.99,-0.32909170688988354,-0.8584612082840337
1532899500,465.95,0.3412915202472,-0.0
1532899560,465.95,-0.07313140128251128,-0.0
1532899620,465.95,0.7922626411605016,-6.872409423790415
1532899680,465.63,0.0,-0.8591249812073265
1532899740,465.59,-0.3412553321158196,-1.2888535647537225
1532899800,465.53,-0.8653555514370748,-2.148550802483218
1532899860,465.43,-0.024378322308615807,-9.247311827957905
1532899920,465.0,-0.12189190869316135,0.21504913872760767
1532899980,465.01,-4.2540794671797055,-0.0
1532900040,465.01,0.0,-0.0
1532900100,465.01,-0.9511731135047885,-0.0
1532900160,465.01,-1.622026386588482,-0.0
1532900220,465.01,0.0,-0.2150537634415528
1532900280,465.0,3.1957883900157746,0.21504913872760767
1532900340,465.01,0.0,3.654499333591854
1532900400,465.18,-0.012193768740287325,-1.7200602021061329
1532900460,465.1,-13.279030350327181,-0.0
1532900520,465.1,0.0,-0.0
1532900580,465.1,-0.012209997302115028,-0.0
1532900640,465.1,0.012210012210189802,-0.21501214818808734
1532900700,465.09,-1.3797296950801563,-4.302092968229143
1532900760,464.89,-8.40163734234678,2.5805896647379534
1532900820,465.01,0.0,-0.2150537634415528
1532900880,465.0,-0.3911024199454438,-0.0
1532900940,465.0,0.0,-0.0
1532901000,465.0,0.0,0.21504913872760767
1532901060,465.01,0.0,-1.2904613399289389
1532901120,464.95,-0.012222428645847216,1.0752688172044333
1532901180,465.0,0.012222443583898013,0.21504913872760767
1532901240,465.01,-0.012222428645847216,-0.0
1532901300,465.01,9.435726447046822,-0.0
1532901360,465.01,2.6986136940609917,-0.0
1532901420,465.01,0.0,2.364981080151818
1532901480,465.12,-0.10986864592998913,-0.0
1532901540,465.12,0.0,-0.0
1532901600,465.12,-1.831164217586112,-5.162622612286949
1532901660,464.88,-2.4542094576196494,0.8603630732173517
1532901720,464.92,-0.01221299462672576,4.514866811428098
1532901780,465.13,0.012213009541461872,-0.6450225757892447
1532901840,465.1,2.4303859306296083,-1.9354422485551304
1532901900,465.01,0.012210027118264577,-8.178550674731166
1532901960,464.63,-0.012210012210189802,-5.168069941212661
1532902020,464.39,0.0,1.5071265555699487
1532902080,464.46,0.012210027118264577,1.0764030914300893
1532902140,464.51,0.0,0.21527598381143598
1532902200,464.52,-2.454212454212623,-0.0
1532902260,464.52,-9.758194624077676,-0.0
1532902320,464.52,0.012224938874538793,-0.0
1532902380,464.52,3.71637687484494,-0.0
1532902440,464.52,0.012220382377137184,-0.0
1532902500,464.52,0.0,-0.0
1532902560,464.52,0.0,-0.0
1532902620,464.52,0.0,-2.5839793281656753
1532902680,464.4,0.0,-0.0
1532902740,464.4,0.0,-0.0
1532902800,464.4,0.0,-0.0
1532902860,464.4,-0.012220367442417057,-0.21533624755099012
1532902920,464.39,0.0,0.21533161068010287
1532902980,464.4,0.0,5.165289256198191
1532903040,464.64,0.0,0.21521575379268576
1532903100,464.65,0.0,-0.0
1532903160,464.65,0.012220382377137184,-0.21522038567534096
1532903220,464.64,0.0,0.21521575379268576
1532903280,464.65,0.0,-0.0
1532903340,464.65,0.0,-0.0
1532903400,464.65,8.468714637310804,-0.0
1532903460,464.65,0.012210027118264577,-0.0
1532903520,464.65,0.0,-0.0
1532903580,464.65,0.0,-0.0
1532903640,464.65,0.0,-0.21522038567534096
1532903700,464.64,0.0,0.21521575379268576
1532903760,464.65,2.4420024420024333,-0.0
1532903820,464.65,0.9033203124997335,-0.0
1532903880,464.65,0.0,0.21521112211209115
1532903940,464.66,0.3051482165927766,1.936525013447321
1532904000,464.75,0.9398278284256101,0.8606037135050482
1532904060,464.79,-0.9275350998816378,-1.0758703791369228
1532904120,464.74,0.0,-0.0
1532904180,464.74,-0.012205541316534507,-0.21517870591569732
1532904240,464.73,0.0,0.21517407582716253
1532904300,464.74,0.0,-2.1522038567489687
1532904360,464.64,0.0,-0.0
1532904420,464.64,0.0,-0.0
1532904480,464.64,0.012205556214617275,-0.0
1532904540,464.64,-2.5143415110462364,-0.6457028475481685
1532904600,464.61,1.6115366490310201,3.6576444769564898
1532904660,464.78,-0.012206643832390895,0.6454250123710814
1532904720,464.81,1.8432054685835197,-0.8606407470357347
1532904780,464.77,-5.931342875554746,0.4303018567530792
1532904840,464.79,1.343281759456083,2.58114473769111
1532904900,464.91,0.0,-0.4302092968244686
1532904960,464.89,-0.012210012210189802,0.6452723049132914
1532905020,464.92,0.0,-0.2150953948065748
1532905080,464.91,0.012210027118264577,0.21509076830406038
1532905140,464.92,0.0,-0.2150953948065748
1532905200,464.91,-0.012210012210189802,0.21509076830406038
1532905260,464.92,0.012210027118264577,-0.2150953948065748
1532905320,464.91,0.0,-0.0
1532905380,464.91,-0.012210012210189802,4.729860469115943
1532905440,465.13,6.105013559234429,-4.73209868576685
1532905500,464.91,0.012202577428510608,4.300058050783484
1532905560,465.11,0.0,-0.21500752526382172
1532905620,465.1,4.636973764489127,-1.7203561137169032
1532905680,465.02,0.04878762745796905,-0.0
1532905740,465.02,0.0,-6.024874123164992
1532905800,464.74,0.012196847358758589,-0.0
1532905860,464.74,0.0,4.301630317889993
1532905920,464.94,-2.1710361819038404,-0.0
1532905980,464.94,-2.5008936119852443,-0.0
1532906040,464.94,4.600354849653154,13.317295300283583
1532906100,465.56,13.672749271538276,9.442060085836923
1532906160,466.0,12.119366626066608,-0.0
1532906220,466.0,-0.012165524121421356,-0.0
1532906280,466.0,0.012165538920694274,-0.21459687976177477
1532906340,465.99,-12.189855169435493,-1.7170698203505808
1532906400,465.91,-1.1084138354400253,-0.0
1532906460,465.91,0.012181722057746924,7.292225201072089
1532906520,466.25,5.433041419020679,2.358692855305433
1532906580,466.36,0.0,-0.0
1532906640,466.36,0.0,29.29040258268678
1532906700,467.73,14.695336574341855,-6.632150956313865
1532906760,467.42,0.012157226985110015,9.404522720471986
1532906820,467.86,-0.01215721220582111,0.21373458439333248
1532906880,467.87,0.0,4.272865169738793
1532906940,468.07,5.3856515544237205,17.27520900870139
1532907000,468.88,18.23817525902216,2.5586353944562212
1532907060,469.0,6.05215281989091,-0.0
1532907120,469.0,6.072734633617571,4.262574595055302
1532907180,469.2,17.710478497880988,-35.290343278793216
1532907240,467.55,-15.22439967011846,13.029733424470002
1532907300,468.16,3.596934975407251,14.503881921337225
1532907360,468.84,12.10653753026536,-7.043606326437857
1532907420,468.51,0.0,-8.331197128941259
1532907480,468.12,-13.288996372430306,-6.8405301410856545
1532907540,467.8,-2.409489757246863,11.103518961393943
1532907600,468.32,3.6090502384622525,-10.259917920656392
1532907660,467.84,2.6755447941884114,-5.5605457889562615
1532907720,467.58,-2.6627258324329883,-3.8510911424904926
1532907780,467.4,-18.159784310188833,0.2139449305760266
1532907840,467.41,0.0,-0.0
1532907900,467.41,0.0,-0.21394950791675527
1532907960,467.4,0.0,-0.0
1532908020,467.4,-0.012128548055878596,-1.9259164152263253
1532908080,467.31,0.01212856276522345,-7.495288675689604
1532908140,466.96,-12.104290959016328,-22.321428571427937
1532908200,465.92,-26.168696410335812,-0.0
1532908260,465.92,-5.771000842517138,9.64899114436979
1532908320,466.37,13.704904772231519,0.42882566092750096
1532908380,466.39,0.012165464922109237,-9.65789586641952
1532908440,465.94,-12.177615571776768,-0.21462451441189856
1532908500,465.93,-0.7308169681086163,0.21461990814208853
1532908560,465.94,0.0,6.863123579118335
1532908620,466.26,0.0,2.358642279735035
1532908680,466.37,8.465915250708278,-7.725156112530218
1532908740,466.01,0.0,-0.0
